de:0.11430199393953558
Kr:0.46805709118162353
sigma:-0.09060453155723941
dmin:-0.11640010749107427
Ke:2.709775646666051
K0:0.09683129574943387
sigmaLine:0.033669967406829426
dminLine:-0.14980626046840856
sigmaOpponent:0.03387619313738976
sigmaBall:0.07126456040816903
